rt,stimulus,button_pressed,trial_type,trial_index,time_elapsed,internal_node_id,subject,list,ppt_race,ppt_gender,url,first_guess,correct,key_press,responses,image_type,phrase_type,test_part
1564,Welcome to the experiment. Press Continue to begin.,0,html-button-response,0,1568,0.0-0.0,83431,List2B,white,man,,,,,,,,
52557,,,external-html,1,55175,0.0-1.0,83431,List2B,white,man,consent.html,,,,,,,
53407,"<p>On the next page, you will see portraits of 8 people and their names.</p><p>Your first task is to take a few minutes to memorise the names of these people.</p><p>You will have to recall their names during the rest of the experiment, so it is</p><p>essential that you try to memorise these people and their names as best as you can.</p><br><p><strong>You will then be tested on your memory of these names and portraits.</strong></p><br><p>The experiment will start after you have completed this memory test.</p><br><p>Ready?</p>",0,html-button-response,2,108585,0.0-2.0,83431,List2B,white,man,,,,,,,,
133592,"<img src='img/portrait_matrix_list2.jpg' style='width:900px;height:500px;''></img><p>If you have memorised all the portraits and names and are ready to start, press Continue.</p><p><strong>Please note: Your memory of these faces will be tested 4 times during this experiment.</strong></p>",0,html-button-response,3,243200,0.0-3.0-0.0,83431,List2B,white,man,,,,,,,,
5275,"<img src=""portrait/BM2.jpg""style=""height:400px;""></img>",5,html-button-response,4,249492,0.0-3.0-1.0,83431,List2B,white,man,,TRUE,5,,,,,
null,CORRECT,,html-keyboard-response,5,251014,0.0-3.0-2.0-0.0,83431,List2B,white,man,,,,null,,,,
3489,"<img src=""portrait/WM1.jpg""style=""height:400px;""></img>",6,html-button-response,6,254509,0.0-3.0-4.0,83431,List2B,white,man,,TRUE,6,,,,,
null,CORRECT,,html-keyboard-response,7,256055,0.0-3.0-5.0-0.0,83431,List2B,white,man,,,,null,,,,
9247,"<img src=""portrait/BW1.jpg""style=""height:400px;""></img>",0,html-button-response,8,265306,0.0-3.0-7.0,83431,List2B,white,man,,TRUE,0,,,,,
null,CORRECT,,html-keyboard-response,9,266824,0.0-3.0-8.0-0.0,83431,List2B,white,man,,,,null,,,,
3791,"<img src=""portrait/BM1.jpg""style=""height:400px;""></img>",4,html-button-response,10,270619,0.0-3.0-10.0,83431,List2B,white,man,,TRUE,4,,,,,
null,CORRECT,,html-keyboard-response,11,272144,0.0-3.0-11.0-0.0,83431,List2B,white,man,,,,null,,,,
3937,"<img src=""portrait/WM2.jpg""style=""height:400px;""></img>",7,html-button-response,12,276085,0.0-3.0-13.0,83431,List2B,white,man,,TRUE,7,,,,,
null,CORRECT,,html-keyboard-response,13,277634,0.0-3.0-14.0-0.0,83431,List2B,white,man,,,,null,,,,
2019,"<img src=""portrait/WW1.jpg""style=""height:400px;""></img>",1,html-button-response,14,279657,0.0-3.0-16.0,83431,List2B,white,man,,TRUE,1,,,,,
null,CORRECT,,html-keyboard-response,15,281189,0.0-3.0-17.0-0.0,83431,List2B,white,man,,,,null,,,,
3570,"<img src=""portrait/WW2.jpg""style=""height:400px;""></img>",3,html-button-response,16,284764,0.0-3.0-19.0,83431,List2B,white,man,,TRUE,3,,,,,
null,CORRECT,,html-keyboard-response,17,286314,0.0-3.0-20.0-0.0,83431,List2B,white,man,,,,null,,,,
3390,"<img src=""portrait/BW2.jpg""style=""height:400px;""></img>",2,html-button-response,18,289709,0.0-3.0-22.0,83431,List2B,white,man,,TRUE,2,,,,,
null,CORRECT,,html-keyboard-response,19,291248,0.0-3.0-23.0-0.0,83431,List2B,white,man,,,,null,,,,
2410,<p>You got 8 out of 8 right first time. Press Continue.</p>,0,html-button-response,20,293662,0.0-3.0-25.0,83431,List2B,white,man,,,,,,,,
25113,"<p>In this experiment, you will view photographs of the people from the memory game interacting.</p><p>By using the <strong>exact</strong> phrase given <i>after</i> the photograph appears and recalling the correct names of the people in the photographs, form a sentence describing the interaction. You do not need to capitalise names.</p><p>Type your answer in the space provided. Please complete every sentence before moving onto the next trial.</p><p>You will only have a few seconds to memorise each given photograph and phrase before you can respond, so try your best to focus.</p><p>An example is given below. Press 'Continue' when you are ready.</p><img src='img/speaking_example.jpg' style='width:800px;height:460px;''></img>",0,html-button-response,21,319790,0.0-4.0,83431,List2B,white,man,,,,,,,,
2180,"<p>Before the experiment starts, you will watch two example trials. Press 'Continue'.</p>",0,html-button-response,22,322977,0.0-5.0,83431,List2B,white,man,,,,,,,,
null,<img src='img/meet_eg.gif' style='height:400px;''></img>,,html-keyboard-response,23,326013,0.0-6.0,83431,List2B,white,man,,,,null,,,,
null,<p>is meeting</p>,,html-keyboard-response,24,328013,0.0-7.0,83431,List2B,white,man,,,,null,,,,
5318,<p><b>Answer:</b> jane is meeting ruth</p>,0,html-button-response,25,333334,0.0-8.0,83431,List2B,white,man,,,,,,,,
null,<img src='img/look_eg.gif' style='height:400px;''></img>,,html-keyboard-response,26,336385,0.0-9.0,83431,List2B,white,man,,,,null,,,,
null,<p>are looking at each other</p>,,html-keyboard-response,27,338384,0.0-10.0,83431,List2B,white,man,,,,null,,,,
2219,<p><b>Answer:</b> fred and mike are looking at each other</p>,0,html-button-response,28,340606,0.0-11.0,83431,List2B,white,man,,,,,,,,
10034,"<p>Ready to start the experiment?</p><br><p><strong>Remember to describe the picture using a full sentence,</strong></p><p><strong>that combines the names of the people with the <i>exact</i> phrase given.</strong></p><p><strong>To receive full payment you must do this correctly.</strong></p><p><strong> You do not need to capitalise names or use punctuation.</strong></p><br><p>Press 'Continue' to begin.</p>",0,html-button-response,29,351658,0.0-12.0,83431,List2B,white,man,,,,,,,,
null,"<div style=""font-size:60px;"">+</div>",,html-keyboard-response,30,353183,0.0-13.0-0.0,83431,List2B,white,man,,,,null,,,,
null,"<img src=""stim_listB/play2.gif""style=""height:400px;""></stim_listB>",,html-keyboard-response,31,355198,0.0-13.0-1.0,83431,List2B,white,man,,,,null,,,,
null,are playing with each other,,html-keyboard-response,32,357204,0.0-13.0-2.0,83431,List2B,white,man,,,,null,,,,
18731,,,survey-text,33,375938,0.0-13.0-3.0,83431,List2B,white,man,,,,,"{""Q0"":""Luke and Ruth are playing with each other""}","<img src=""stim_listB/play2.gif""style=""height:400px;""></stim_listB>",are playing with each other,
null,"<div style=""font-size:60px;"">+</div>",,html-keyboard-response,34,376452,0.0-13.0-0.1,83431,List2B,white,man,,,,null,,,,
null,"<img src=""stim_listB/marry2.gif""style=""height:400px;""></stim_listB>",,html-keyboard-response,35,378483,0.0-13.0-1.1,83431,List2B,white,man,,,,null,,,,
null,are marrying each other,,html-keyboard-response,36,380463,0.0-13.0-2.1,83431,List2B,white,man,,,,null,,,,
12771,,,survey-text,37,393239,0.0-13.0-3.1,83431,List2B,white,man,,,,,"{""Q0"":""Luke and Jane are marrying each other""}","<img src=""stim_listB/marry2.gif""style=""height:400px;""></stim_listB>",are marrying each other,
null,"<div style=""font-size:60px;"">+</div>",,html-keyboard-response,38,393762,0.0-13.0-0.2,83431,List2B,white,man,,,,null,,,,
null,"<img src=""stim_listB/kiss1.gif""style=""height:400px;""></stim_listB>",,html-keyboard-response,39,395795,0.0-13.0-1.2,83431,List2B,white,man,,,,null,,,,
null,is kissing,,html-keyboard-response,40,397773,0.0-13.0-2.2,83431,List2B,white,man,,,,null,,,,
5809,,,survey-text,41,403585,0.0-13.0-3.2,83431,List2B,white,man,,,,,"{""Q0"":""Luke is kissing Ruth""}","<img src=""stim_listB/kiss1.gif""style=""height:400px;""></stim_listB>",is kissing,
null,"<div style=""font-size:60px;"">+</div>",,html-keyboard-response,42,404103,0.0-13.0-0.3,83431,List2B,white,man,,,,null,,,,
null,"<img src=""stim_listB/play3.gif""style=""height:400px;""></stim_listB>",,html-keyboard-response,43,406121,0.0-13.0-1.3,83431,List2B,white,man,,,,null,,,,
null,is playing with,,html-keyboard-response,44,408113,0.0-13.0-2.3,83431,List2B,white,man,,,,null,,,,
7340,,,survey-text,45,415456,0.0-13.0-3.3,83431,List2B,white,man,,,,,"{""Q0"":""Mike is playing with Kate""}","<img src=""stim_listB/play3.gif""style=""height:400px;""></stim_listB>",is playing with,
null,"<div style=""font-size:60px;"">+</div>",,html-keyboard-response,46,415962,0.0-13.0-0.4,83431,List2B,white,man,,,,null,,,,
null,"<img src=""stim_listB/kiss4.gif""style=""height:400px;""></stim_listB>",,html-keyboard-response,47,417994,0.0-13.0-1.4,83431,List2B,white,man,,,,null,,,,
null,are kissing each other,,html-keyboard-response,48,419972,0.0-13.0-2.4,83431,List2B,white,man,,,,null,,,,
9720,,,survey-text,49,429697,0.0-13.0-3.4,83431,List2B,white,man,,,,,"{""Q0"":""Mike and Kate are kissing each other""}","<img src=""stim_listB/kiss4.gif""style=""height:400px;""></stim_listB>",are kissing each other,
null,"<div style=""font-size:60px;"">+</div>",,html-keyboard-response,50,430202,0.0-13.0-0.5,83431,List2B,white,man,,,,null,,,,
null,"<img src=""stim_listB/fight4.gif""style=""height:400px;""></stim_listB>",,html-keyboard-response,51,432217,0.0-13.0-1.5,83431,List2B,white,man,,,,null,,,,
null,are fighting each other,,html-keyboard-response,52,434217,0.0-13.0-2.5,83431,List2B,white,man,,,,null,,,,
11602,,,survey-text,53,445822,0.0-13.0-3.5,83431,List2B,white,man,,,,,"{""Q0"":""Beth and Fred are fighting each other""}","<img src=""stim_listB/fight4.gif""style=""height:400px;""></stim_listB>",are fighting each other,
null,"<div style=""font-size:60px;"">+</div>",,html-keyboard-response,54,446342,0.0-13.0-0.6,83431,List2B,white,man,,,,null,,,,
null,"<img src=""stim_listB/shout2.gif""style=""height:400px;""></stim_listB>",,html-keyboard-response,55,448352,0.0-13.0-1.6,83431,List2B,white,man,,,,null,,,,
null,are shouting at each other,,html-keyboard-response,56,450363,0.0-13.0-2.6,83431,List2B,white,man,,,,null,,,,
13216,,,survey-text,57,463583,0.0-13.0-3.6,83431,List2B,white,man,,,,,"{""Q0"":""Jane and Dave are shouting at each other""}","<img src=""stim_listB/shout2.gif""style=""height:400px;""></stim_listB>",are shouting at each other,
null,"<div style=""font-size:60px;"">+</div>",,html-keyboard-response,58,464102,0.0-13.0-0.7,83431,List2B,white,man,,,,null,,,,
null,"<img src=""stim_listB/argue6.gif""style=""height:400px;""></stim_listB>",,html-keyboard-response,59,466129,0.0-13.0-1.7,83431,List2B,white,man,,,,null,,,,
null,are arguing with each other,,html-keyboard-response,60,468112,0.0-13.0-2.7,83431,List2B,white,man,,,,null,,,,
23451,,,survey-text,61,491566,0.0-13.0-3.7,83431,List2B,white,man,,,,,"{""Q0"":""Mike is arguing with Luke""}","<img src=""stim_listB/argue6.gif""style=""height:400px;""></stim_listB>",are arguing with each other,
null,"<div style=""font-size:60px;"">+</div>",,html-keyboard-response,62,492071,0.0-13.0-0.8,83431,List2B,white,man,,,,null,,,,
null,"<img src=""stim_listB/talk1.gif""style=""height:400px;""></stim_listB>",,html-keyboard-response,63,494092,0.0-13.0-1.8,83431,List2B,white,man,,,,null,,,,
null,is talking to,,html-keyboard-response,64,496091,0.0-13.0-2.8,83431,List2B,white,man,,,,null,,,,
7189,,,survey-text,65,503284,0.0-13.0-3.8,83431,List2B,white,man,,,,,"{""Q0"":""Luke is talking to Jane""}","<img src=""stim_listB/talk1.gif""style=""height:400px;""></stim_listB>",is talking to,
null,"<div style=""font-size:60px;"">+</div>",,html-keyboard-response,66,503802,0.0-13.0-0.9,83431,List2B,white,man,,,,null,,,,
null,"<img src=""stim_listB/dance1.gif""style=""height:400px;""></stim_listB>",,html-keyboard-response,67,505832,0.0-13.0-1.9,83431,List2B,white,man,,,,null,,,,
null,is dancing with,,html-keyboard-response,68,507811,0.0-13.0-2.9,83431,List2B,white,man,,,,null,,,,
9406,,,survey-text,69,517221,0.0-13.0-3.9,83431,List2B,white,man,,,,,"{""Q0"":""Luke is dancing with Jane""}","<img src=""stim_listB/dance1.gif""style=""height:400px;""></stim_listB>",is dancing with,
null,"<div style=""font-size:60px;"">+</div>",,html-keyboard-response,70,517731,0.0-13.0-0.10,83431,List2B,white,man,,,,null,,,,
null,"<img src=""stim_listB/argue2.gif""style=""height:400px;""></stim_listB>",,html-keyboard-response,71,519741,0.0-13.0-1.10,83431,List2B,white,man,,,,null,,,,
null,are arguing with each other,,html-keyboard-response,72,521771,0.0-13.0-2.10,83431,List2B,white,man,,,,null,,,,
9455,,,survey-text,73,531228,0.0-13.0-3.10,83431,List2B,white,man,,,,,"{""Q0"":""Luke and Jane are arguing with each other""}","<img src=""stim_listB/argue2.gif""style=""height:400px;""></stim_listB>",are arguing with each other,
null,"<div style=""font-size:60px;"">+</div>",,html-keyboard-response,74,531751,0.0-13.0-0.11,83431,List2B,white,man,,,,null,,,,
null,"<img src=""stim_listB/talk3.gif""style=""height:400px;""></stim_listB>",,html-keyboard-response,75,533771,0.0-13.0-1.11,83431,List2B,white,man,,,,null,,,,
null,is talking to,,html-keyboard-response,76,535755,0.0-13.0-2.11,83431,List2B,white,man,,,,null,,,,
5727,,,survey-text,77,541486,0.0-13.0-3.11,83431,List2B,white,man,,,,,"{""Q0"":""Fred is talking to Kate""}","<img src=""stim_listB/talk3.gif""style=""height:400px;""></stim_listB>",is talking to,
null,"<div style=""font-size:60px;"">+</div>",,html-keyboard-response,78,542001,0.0-13.0-0.12,83431,List2B,white,man,,,,null,,,,
null,"<img src=""stim_listB/fight7.gif""style=""height:400px;""></stim_listB>",,html-keyboard-response,79,544032,0.0-13.0-1.12,83431,List2B,white,man,,,,null,,,,
null,is fighting,,html-keyboard-response,80,546021,0.0-13.0-2.12,83431,List2B,white,man,,,,null,,,,
8778,,,survey-text,81,554803,0.0-13.0-3.12,83431,List2B,white,man,,,,,"{""Q0"":""Jane is fighting Kate""}","<img src=""stim_listB/fight7.gif""style=""height:400px;""></stim_listB>",is fighting,
null,"<div style=""font-size:60px;"">+</div>",,html-keyboard-response,82,555320,0.0-13.0-0.13,83431,List2B,white,man,,,,null,,,,
null,"<img src=""stim_listB/flirt7.gif""style=""height:400px;""></stim_listB>",,html-keyboard-response,83,557330,0.0-13.0-1.13,83431,List2B,white,man,,,,null,,,,
null,is flirting with,,html-keyboard-response,84,559341,0.0-13.0-2.13,83431,List2B,white,man,,,,null,,,,
8546,,,survey-text,85,567889,0.0-13.0-3.13,83431,List2B,white,man,,,,,"{""Q0"":""Ruth is flirting with Kate""}","<img src=""stim_listB/flirt7.gif""style=""height:400px;""></stim_listB>",is flirting with,
null,"<div style=""font-size:60px;"">+</div>",,html-keyboard-response,86,568401,0.0-13.0-0.14,83431,List2B,white,man,,,,null,,,,
null,"<img src=""stim_listB/dance7.gif""style=""height:400px;""></stim_listB>",,html-keyboard-response,87,570422,0.0-13.0-1.14,83431,List2B,white,man,,,,null,,,,
null,is dancing with,,html-keyboard-response,88,572401,0.0-13.0-2.14,83431,List2B,white,man,,,,null,,,,
6914,,,survey-text,89,579319,0.0-13.0-3.14,83431,List2B,white,man,,,,,"{""Q0"":""Ruth is dancing with Kate""}","<img src=""stim_listB/dance7.gif""style=""height:400px;""></stim_listB>",is dancing with,
null,"<div style=""font-size:60px;"">+</div>",,html-keyboard-response,90,579841,0.0-13.0-0.15,83431,List2B,white,man,,,,null,,,,
null,"<img src=""stim_listB/kiss7.gif""style=""height:400px;""></stim_listB>",,html-keyboard-response,91,581870,0.0-13.0-1.15,83431,List2B,white,man,,,,null,,,,
null,is kissing,,html-keyboard-response,92,583872,0.0-13.0-2.15,83431,List2B,white,man,,,,null,,,,
7531,,,survey-text,93,591405,0.0-13.0-3.15,83431,List2B,white,man,,,,,"{""Q0"":""Ruth is kissing Beth""}","<img src=""stim_listB/kiss7.gif""style=""height:400px;""></stim_listB>",is kissing,
null,"<div style=""font-size:60px;"">+</div>",,html-keyboard-response,94,591920,0.0-13.0-0.16,83431,List2B,white,man,,,,null,,,,
null,"<img src=""stim_listB/marry7.gif""style=""height:400px;""></stim_listB>",,html-keyboard-response,95,593951,0.0-13.0-1.16,83431,List2B,white,man,,,,null,,,,
null,is marrying,,html-keyboard-response,96,595941,0.0-13.0-2.16,83431,List2B,white,man,,,,null,,,,
6061,,,survey-text,97,602005,0.0-13.0-3.16,83431,List2B,white,man,,,,,"{""Q0"":""Jane is marrying Beth""}","<img src=""stim_listB/marry7.gif""style=""height:400px;""></stim_listB>",is marrying,
null,"<div style=""font-size:60px;"">+</div>",,html-keyboard-response,98,602526,0.0-13.0-0.17,83431,List2B,white,man,,,,null,,,,
null,"<img src=""stim_listB/argue8.gif""style=""height:400px;""></stim_listB>",,html-keyboard-response,99,604541,0.0-13.0-1.17,83431,List2B,white,man,,,,null,,,,
null,are arguing with each other,,html-keyboard-response,100,606542,0.0-13.0-2.17,83431,List2B,white,man,,,,null,,,,
8535,,,survey-text,101,615081,0.0-13.0-3.17,83431,List2B,white,man,,,,,"{""Q0"":""Ruth and Kate are arguing with each other""}","<img src=""stim_listB/argue8.gif""style=""height:400px;""></stim_listB>",are arguing with each other,
null,"<div style=""font-size:60px;"">+</div>",,html-keyboard-response,102,615599,0.0-13.0-0.18,83431,List2B,white,man,,,,null,,,,
null,"<img src=""stim_listB/dance6.gif""style=""height:400px;""></stim_listB>",,html-keyboard-response,103,617631,0.0-13.0-1.18,83431,List2B,white,man,,,,null,,,,
null,are dancing with each other,,html-keyboard-response,104,619629,0.0-13.0-2.18,83431,List2B,white,man,,,,null,,,,
10762,,,survey-text,105,630395,0.0-13.0-3.18,83431,List2B,white,man,,,,,"{""Q0"":""Dave and Fred are dancing with each other""}","<img src=""stim_listB/dance6.gif""style=""height:400px;""></stim_listB>",are dancing with each other,
null,"<div style=""font-size:60px;"">+</div>",,html-keyboard-response,106,630909,0.0-13.0-0.19,83431,List2B,white,man,,,,null,,,,
null,"<img src=""stim_listB/touch8.gif""style=""height:400px;""></stim_listB>",,html-keyboard-response,107,632930,0.0-13.0-1.19,83431,List2B,white,man,,,,null,,,,
null,are touching each other,,html-keyboard-response,108,634935,0.0-13.0-2.19,83431,List2B,white,man,,,,null,,,,
7888,,,survey-text,109,642825,0.0-13.0-3.19,83431,List2B,white,man,,,,,"{""Q0"":""Ruth and Beth are touching each other""}","<img src=""stim_listB/touch8.gif""style=""height:400px;""></stim_listB>",are touching each other,
14387,"<img src='img/portrait_matrix_list2.jpg' style='width:900px;height:500px;''></img><p>If you have memorised all the portraits and names and are ready to start, press Continue.</p><p><strong>Please note: Your memory of these faces will be tested 4 times during this experiment.</strong></p>",0,html-button-response,110,657215,0.0-14.0-0.0,83431,List2B,white,man,,,,,,,,
5653,"<img src=""portrait/BM1.jpg""style=""height:400px;""></img>",4,html-button-response,111,663897,0.0-14.0-1.0,83431,List2B,white,man,,TRUE,4,,,,,
null,CORRECT,,html-keyboard-response,112,665440,0.0-14.0-2.0-0.0,83431,List2B,white,man,,,,null,,,,
1955,"<img src=""portrait/WW2.jpg""style=""height:400px;""></img>",3,html-button-response,113,667399,0.0-14.0-4.0,83431,List2B,white,man,,TRUE,3,,,,,
null,CORRECT,,html-keyboard-response,114,668941,0.0-14.0-5.0-0.0,83431,List2B,white,man,,,,null,,,,
1651,"<img src=""portrait/WW1.jpg""style=""height:400px;""></img>",1,html-button-response,115,670595,0.0-14.0-7.0,83431,List2B,white,man,,TRUE,1,,,,,
null,CORRECT,,html-keyboard-response,116,672139,0.0-14.0-8.0-0.0,83431,List2B,white,man,,,,null,,,,
2518,"<img src=""portrait/WM1.jpg""style=""height:400px;""></img>",6,html-button-response,117,674661,0.0-14.0-10.0,83431,List2B,white,man,,TRUE,6,,,,,
null,CORRECT,,html-keyboard-response,118,676199,0.0-14.0-11.0-0.0,83431,List2B,white,man,,,,null,,,,
3163,"<img src=""portrait/BM2.jpg""style=""height:400px;""></img>",5,html-button-response,119,679367,0.0-14.0-13.0,83431,List2B,white,man,,TRUE,5,,,,,
null,CORRECT,,html-keyboard-response,120,680909,0.0-14.0-14.0-0.0,83431,List2B,white,man,,,,null,,,,
4161,"<img src=""portrait/BW2.jpg""style=""height:400px;""></img>",2,html-button-response,121,685075,0.0-14.0-16.0,83431,List2B,white,man,,TRUE,2,,,,,
null,CORRECT,,html-keyboard-response,122,686619,0.0-14.0-17.0-0.0,83431,List2B,white,man,,,,null,,,,
5784,"<img src=""portrait/BW1.jpg""style=""height:400px;""></img>",0,html-button-response,123,692408,0.0-14.0-19.0,83431,List2B,white,man,,TRUE,0,,,,,
null,CORRECT,,html-keyboard-response,124,693955,0.0-14.0-20.0-0.0,83431,List2B,white,man,,,,null,,,,
2564,"<img src=""portrait/WM2.jpg""style=""height:400px;""></img>",7,html-button-response,125,696524,0.0-14.0-22.0,83431,List2B,white,man,,TRUE,7,,,,,
null,CORRECT,,html-keyboard-response,126,698060,0.0-14.0-23.0-0.0,83431,List2B,white,man,,,,null,,,,
4078,<p>You got 8 out of 8 right first time. Press Continue.</p>,0,html-button-response,127,702140,0.0-14.0-25.0,83431,List2B,white,man,,,,,,,,
null,"<div style=""font-size:60px;"">+</div>",,html-keyboard-response,128,703708,0.0-15.0-0.0,83431,List2B,white,man,,,,null,,,,
null,"<img src=""stim_listB/argue1.gif""style=""height:400px;""></stim_listB>",,html-keyboard-response,129,705739,0.0-15.0-1.0,83431,List2B,white,man,,,,null,,,,
null,is arguing with,,html-keyboard-response,130,707740,0.0-15.0-2.0,83431,List2B,white,man,,,,null,,,,
7923,,,survey-text,131,715667,0.0-15.0-3.0,83431,List2B,white,man,,,,,"{""Q0"":""Dave is arguing with Ruth""}","<img src=""stim_listB/argue1.gif""style=""height:400px;""></stim_listB>",is arguing with,
null,"<div style=""font-size:60px;"">+</div>",,html-keyboard-response,132,716189,0.0-15.0-0.1,83431,List2B,white,man,,,,null,,,,
null,"<img src=""stim_listB/dance2.gif""style=""height:400px;""></stim_listB>",,html-keyboard-response,133,718209,0.0-15.0-1.1,83431,List2B,white,man,,,,null,,,,
null,are dancing with each other,,html-keyboard-response,134,720189,0.0-15.0-2.1,83431,List2B,white,man,,,,null,,,,
8587,,,survey-text,135,728780,0.0-15.0-3.1,83431,List2B,white,man,,,,,"{""Q0"":""Dave and Ruth are dancing with each other""}","<img src=""stim_listB/dance2.gif""style=""height:400px;""></stim_listB>",are dancing with each other,
null,"<div style=""font-size:60px;"">+</div>",,html-keyboard-response,136,729299,0.0-15.0-0.2,83431,List2B,white,man,,,,null,,,,
null,"<img src=""stim_listB/shout7.gif""style=""height:400px;""></stim_listB>",,html-keyboard-response,137,731315,0.0-15.0-1.2,83431,List2B,white,man,,,,null,,,,
null,is shouting at,,html-keyboard-response,138,733317,0.0-15.0-2.2,83431,List2B,white,man,,,,null,,,,
11069,,,survey-text,139,744388,0.0-15.0-3.2,83431,List2B,white,man,,,,,"{""Q0"":""Ruth is shouting at Beth""}","<img src=""stim_listB/shout7.gif""style=""height:400px;""></stim_listB>",is shouting at,
null,"<div style=""font-size:60px;"">+</div>",,html-keyboard-response,140,744909,0.0-15.0-0.3,83431,List2B,white,man,,,,null,,,,
null,"<img src=""stim_listB/shout8.gif""style=""height:400px;""></stim_listB>",,html-keyboard-response,141,746929,0.0-15.0-1.3,83431,List2B,white,man,,,,null,,,,
null,are shouting at each other,,html-keyboard-response,142,748939,0.0-15.0-2.3,83431,List2B,white,man,,,,null,,,,
8137,,,survey-text,143,757078,0.0-15.0-3.3,83431,List2B,white,man,,,,,"{""Q0"":""Jane and Kate are shouting at each other""}","<img src=""stim_listB/shout8.gif""style=""height:400px;""></stim_listB>",are shouting at each other,
null,"<div style=""font-size:60px;"">+</div>",,html-keyboard-response,144,757608,0.0-15.0-0.4,83431,List2B,white,man,,,,null,,,,
null,"<img src=""stim_listB/flirt6.gif""style=""height:400px;""></stim_listB>",,html-keyboard-response,145,759639,0.0-15.0-1.4,83431,List2B,white,man,,,,null,,,,
null,are flirting with each other,,html-keyboard-response,146,761648,0.0-15.0-2.4,83431,List2B,white,man,,,,null,,,,
8065,,,survey-text,147,769716,0.0-15.0-3.4,83431,List2B,white,man,,,,,"{""Q0"":""Dave is flirting with Fred""}","<img src=""stim_listB/flirt6.gif""style=""height:400px;""></stim_listB>",are flirting with each other,
null,"<div style=""font-size:60px;"">+</div>",,html-keyboard-response,148,770229,0.0-15.0-0.5,83431,List2B,white,man,,,,null,,,,
null,"<img src=""stim_listB/fight3.gif""style=""height:400px;""></stim_listB>",,html-keyboard-response,149,772239,0.0-15.0-1.5,83431,List2B,white,man,,,,null,,,,
null,is fighting,,html-keyboard-response,150,774248,0.0-15.0-2.5,83431,List2B,white,man,,,,null,,,,
6396,,,survey-text,151,780648,0.0-15.0-3.5,83431,List2B,white,man,,,,,"{""Q0"":""Mike is fighting Kate""}","<img src=""stim_listB/fight3.gif""style=""height:400px;""></stim_listB>",is fighting,
null,"<div style=""font-size:60px;"">+</div>",,html-keyboard-response,152,781177,0.0-15.0-0.6,83431,List2B,white,man,,,,null,,,,
null,"<img src=""stim_listB/marry5.gif""style=""height:400px;""></stim_listB>",,html-keyboard-response,153,783209,0.0-15.0-1.6,83431,List2B,white,man,,,,null,,,,
null,is marrying,,html-keyboard-response,154,785218,0.0-15.0-2.6,83431,List2B,white,man,,,,null,,,,
6416,,,survey-text,155,791638,0.0-15.0-3.6,83431,List2B,white,man,,,,,"{""Q0"":""Dave is marrying Fred""}","<img src=""stim_listB/marry5.gif""style=""height:400px;""></stim_listB>",is marrying,
null,"<div style=""font-size:60px;"">+</div>",,html-keyboard-response,156,792168,0.0-15.0-0.7,83431,List2B,white,man,,,,null,,,,
null,"<img src=""stim_listB/flirt4.gif""style=""height:400px;""></stim_listB>",,html-keyboard-response,157,794198,0.0-15.0-1.7,83431,List2B,white,man,,,,null,,,,
null,are flirting with each other,,html-keyboard-response,158,796178,0.0-15.0-2.7,83431,List2B,white,man,,,,null,,,,
8932,,,survey-text,159,805114,0.0-15.0-3.7,83431,List2B,white,man,,,,,"{""Q0"":""Mike and Beth are flirting with each other""}","<img src=""stim_listB/flirt4.gif""style=""height:400px;""></stim_listB>",are flirting with each other,
null,"<div style=""font-size:60px;"">+</div>",,html-keyboard-response,160,805628,0.0-15.0-0.8,83431,List2B,white,man,,,,null,,,,
null,"<img src=""stim_listB/touch2.gif""style=""height:400px;""></stim_listB>",,html-keyboard-response,161,807678,0.0-15.0-1.8,83431,List2B,white,man,,,,null,,,,
null,are touching each other,,html-keyboard-response,162,809699,0.0-15.0-2.8,83431,List2B,white,man,,,,null,,,,
7860,,,survey-text,163,817564,0.0-15.0-3.8,83431,List2B,white,man,,,,,"{""Q0"":""Luke are Ruth are touching each other""}","<img src=""stim_listB/touch2.gif""style=""height:400px;""></stim_listB>",are touching each other,
null,"<div style=""font-size:60px;"">+</div>",,html-keyboard-response,164,818078,0.0-15.0-0.9,83431,List2B,white,man,,,,null,,,,
null,"<img src=""stim_listB/shout1.gif""style=""height:400px;""></stim_listB>",,html-keyboard-response,165,820089,0.0-15.0-1.9,83431,List2B,white,man,,,,null,,,,
null,is shouting at,,html-keyboard-response,166,822078,0.0-15.0-2.9,83431,List2B,white,man,,,,null,,,,
6250,,,survey-text,167,828331,0.0-15.0-3.9,83431,List2B,white,man,,,,,"{""Q0"":""Luke is shouting at Ruth""}","<img src=""stim_listB/shout1.gif""style=""height:400px;""></stim_listB>",is shouting at,
null,"<div style=""font-size:60px;"">+</div>",,html-keyboard-response,168,828848,0.0-15.0-0.10,83431,List2B,white,man,,,,null,,,,
null,"<img src=""stim_listB/shout6.gif""style=""height:400px;""></stim_listB>",,html-keyboard-response,169,830872,0.0-15.0-1.10,83431,List2B,white,man,,,,null,,,,
null,are shouting at each other,,html-keyboard-response,170,832868,0.0-15.0-2.10,83431,List2B,white,man,,,,null,,,,
7423,,,survey-text,171,840293,0.0-15.0-3.10,83431,List2B,white,man,,,,,"{""Q0"":""Dave and Mike are shouting at each other""}","<img src=""stim_listB/shout6.gif""style=""height:400px;""></stim_listB>",are shouting at each other,
null,"<div style=""font-size:60px;"">+</div>",,html-keyboard-response,172,840808,0.0-15.0-0.11,83431,List2B,white,man,,,,null,,,,
null,"<img src=""stim_listB/argue4.gif""style=""height:400px;""></stim_listB>",,html-keyboard-response,173,842828,0.0-15.0-1.11,83431,List2B,white,man,,,,null,,,,
null,are arguing with each other,,html-keyboard-response,174,844818,0.0-15.0-2.11,83431,List2B,white,man,,,,null,,,,
17979,,,survey-text,175,862801,0.0-15.0-3.11,83431,List2B,white,man,,,,,"{""Q0"":""Fred and Beth arguing with each other""}","<img src=""stim_listB/argue4.gif""style=""height:400px;""></stim_listB>",are arguing with each other,
null,"<div style=""font-size:60px;"">+</div>",,html-keyboard-response,176,863317,0.0-15.0-0.12,83431,List2B,white,man,,,,null,,,,
null,"<img src=""stim_listB/touch3.gif""style=""height:400px;""></stim_listB>",,html-keyboard-response,177,865327,0.0-15.0-1.12,83431,List2B,white,man,,,,null,,,,
null,is touching,,html-keyboard-response,178,867340,0.0-15.0-2.12,83431,List2B,white,man,,,,null,,,,
4907,,,survey-text,179,872251,0.0-15.0-3.12,83431,List2B,white,man,,,,,"{""Q0"":""Mike is touching Kate""}","<img src=""stim_listB/touch3.gif""style=""height:400px;""></stim_listB>",is touching,
null,"<div style=""font-size:60px;"">+</div>",,html-keyboard-response,180,872757,0.0-15.0-0.13,83431,List2B,white,man,,,,null,,,,
null,"<img src=""stim_listB/flirt5.gif""style=""height:400px;""></stim_listB>",,html-keyboard-response,181,874787,0.0-15.0-1.13,83431,List2B,white,man,,,,null,,,,
null,is flirting with,,html-keyboard-response,182,876767,0.0-15.0-2.13,83431,List2B,white,man,,,,null,,,,
6749,,,survey-text,183,883519,0.0-15.0-3.13,83431,List2B,white,man,,,,,"{""Q0"":""Luke is flirting with Mike""}","<img src=""stim_listB/flirt5.gif""style=""height:400px;""></stim_listB>",is flirting with,
null,"<div style=""font-size:60px;"">+</div>",,html-keyboard-response,184,884047,0.0-15.0-0.14,83431,List2B,white,man,,,,null,,,,
null,"<img src=""stim_listB/argue7.gif""style=""height:400px;""></stim_listB>",,html-keyboard-response,185,886067,0.0-15.0-1.14,83431,List2B,white,man,,,,null,,,,
null,is arguing with,,html-keyboard-response,186,888056,0.0-15.0-2.14,83431,List2B,white,man,,,,null,,,,
10950,,,survey-text,187,899013,0.0-15.0-3.14,83431,List2B,white,man,,,,,"{""Q0"":""Jane is arguing with Beth""}","<img src=""stim_listB/argue7.gif""style=""height:400px;""></stim_listB>",is arguing with,
null,"<div style=""font-size:60px;"">+</div>",,html-keyboard-response,188,899533,0.0-15.0-0.15,83431,List2B,white,man,,,,null,,,,
null,"<img src=""stim_listB/play5.gif""style=""height:400px;""></stim_listB>",,html-keyboard-response,189,901567,0.0-15.0-1.15,83431,List2B,white,man,,,,null,,,,
null,is playing with,,html-keyboard-response,190,903567,0.0-15.0-2.15,83431,List2B,white,man,,,,null,,,,
8121,,,survey-text,191,911693,0.0-15.0-3.15,83431,List2B,white,man,,,,,"{""Q0"":""Dave is playing with Mike""}","<img src=""stim_listB/play5.gif""style=""height:400px;""></stim_listB>",is playing with,
null,"<div style=""font-size:60px;"">+</div>",,html-keyboard-response,192,912217,0.0-15.0-0.16,83431,List2B,white,man,,,,null,,,,
null,"<img src=""stim_listB/shout4.gif""style=""height:400px;""></stim_listB>",,html-keyboard-response,193,914238,0.0-15.0-1.16,83431,List2B,white,man,,,,null,,,,
null,are shouting at each other,,html-keyboard-response,194,916232,0.0-15.0-2.16,83431,List2B,white,man,,,,null,,,,
7554,,,survey-text,195,923789,0.0-15.0-3.16,83431,List2B,white,man,,,,,"{""Q0"":""Mike and Kate are shouting at each other""}","<img src=""stim_listB/shout4.gif""style=""height:400px;""></stim_listB>",are shouting at each other,
null,"<div style=""font-size:60px;"">+</div>",,html-keyboard-response,196,924307,0.0-15.0-0.17,83431,List2B,white,man,,,,null,,,,
null,"<img src=""stim_listB/argue3.gif""style=""height:400px;""></stim_listB>",,html-keyboard-response,197,926322,0.0-15.0-1.17,83431,List2B,white,man,,,,null,,,,
null,is arguing with,,html-keyboard-response,198,928357,0.0-15.0-2.17,83431,List2B,white,man,,,,null,,,,
8403,,,survey-text,199,936763,0.0-15.0-3.17,83431,List2B,white,man,,,,,"{""Q0"":""Mike is arguing with Beth""}","<img src=""stim_listB/argue3.gif""style=""height:400px;""></stim_listB>",is arguing with,
null,"<div style=""font-size:60px;"">+</div>",,html-keyboard-response,200,937276,0.0-15.0-0.18,83431,List2B,white,man,,,,null,,,,
null,"<img src=""stim_listB/play7.gif""style=""height:400px;""></stim_listB>",,html-keyboard-response,201,939307,0.0-15.0-1.18,83431,List2B,white,man,,,,null,,,,
null,is playing with,,html-keyboard-response,202,941286,0.0-15.0-2.18,83431,List2B,white,man,,,,null,,,,
6740,,,survey-text,203,948030,0.0-15.0-3.18,83431,List2B,white,man,,,,,"{""Q0"":""Jane is playing with Kate""}","<img src=""stim_listB/play7.gif""style=""height:400px;""></stim_listB>",is playing with,
null,"<div style=""font-size:60px;"">+</div>",,html-keyboard-response,204,948561,0.0-15.0-0.19,83431,List2B,white,man,,,,null,,,,
null,"<img src=""stim_listB/kiss6.gif""style=""height:400px;""></stim_listB>",,html-keyboard-response,205,950586,0.0-15.0-1.19,83431,List2B,white,man,,,,null,,,,
null,are kissing each other,,html-keyboard-response,206,952567,0.0-15.0-2.19,83431,List2B,white,man,,,,null,,,,
7296,,,survey-text,207,959868,0.0-15.0-3.19,83431,List2B,white,man,,,,,"{""Q0"":""Dave and Mike are kissing each other""}","<img src=""stim_listB/kiss6.gif""style=""height:400px;""></stim_listB>",are kissing each other,
6962,"<img src='img/portrait_matrix_list2.jpg' style='width:900px;height:500px;''></img><p>If you have memorised all the portraits and names and are ready to start, press Continue.</p><p><strong>Please note: Your memory of these faces will be tested 4 times during this experiment.</strong></p>",0,html-button-response,208,966835,0.0-16.0-0.0,83431,List2B,white,man,,,,,,,,
2069,"<img src=""portrait/BM2.jpg""style=""height:400px;""></img>",5,html-button-response,209,969919,0.0-16.0-1.0,83431,List2B,white,man,,TRUE,5,,,,,
null,CORRECT,,html-keyboard-response,210,971446,0.0-16.0-2.0-0.0,83431,List2B,white,man,,,,null,,,,
2575,"<img src=""portrait/BW2.jpg""style=""height:400px;""></img>",2,html-button-response,211,974028,0.0-16.0-4.0,83431,List2B,white,man,,TRUE,2,,,,,
null,CORRECT,,html-keyboard-response,212,975566,0.0-16.0-5.0-0.0,83431,List2B,white,man,,,,null,,,,
2213,"<img src=""portrait/WM1.jpg""style=""height:400px;""></img>",6,html-button-response,213,977782,0.0-16.0-7.0,83431,List2B,white,man,,TRUE,6,,,,,
null,CORRECT,,html-keyboard-response,214,979316,0.0-16.0-8.0-0.0,83431,List2B,white,man,,,,null,,,,
1948,"<img src=""portrait/WW2.jpg""style=""height:400px;""></img>",3,html-button-response,215,981268,0.0-16.0-10.0,83431,List2B,white,man,,TRUE,3,,,,,
null,CORRECT,,html-keyboard-response,216,982786,0.0-16.0-11.0-0.0,83431,List2B,white,man,,,,null,,,,
1571,"<img src=""portrait/WM2.jpg""style=""height:400px;""></img>",7,html-button-response,217,984362,0.0-16.0-13.0,83431,List2B,white,man,,TRUE,7,,,,,
null,CORRECT,,html-keyboard-response,218,985906,0.0-16.0-14.0-0.0,83431,List2B,white,man,,,,null,,,,
1975,"<img src=""portrait/WW1.jpg""style=""height:400px;""></img>",1,html-button-response,219,987885,0.0-16.0-16.0,83431,List2B,white,man,,TRUE,1,,,,,
null,CORRECT,,html-keyboard-response,220,989437,0.0-16.0-17.0-0.0,83431,List2B,white,man,,,,null,,,,
1887,"<img src=""portrait/BM1.jpg""style=""height:400px;""></img>",4,html-button-response,221,991330,0.0-16.0-19.0,83431,List2B,white,man,,TRUE,4,,,,,
null,CORRECT,,html-keyboard-response,222,992886,0.0-16.0-20.0-0.0,83431,List2B,white,man,,,,null,,,,
3018,"<img src=""portrait/BW1.jpg""style=""height:400px;""></img>",0,html-button-response,223,995907,0.0-16.0-22.0,83431,List2B,white,man,,TRUE,0,,,,,
null,CORRECT,,html-keyboard-response,224,997447,0.0-16.0-23.0-0.0,83431,List2B,white,man,,,,null,,,,
1569,<p>You got 8 out of 8 right first time. Press Continue.</p>,0,html-button-response,225,999021,0.0-16.0-25.0,83431,List2B,white,man,,,,,,,,
null,"<div style=""font-size:60px;"">+</div>",,html-keyboard-response,226,1000576,0.0-17.0-0.0,83431,List2B,white,man,,,,null,,,,
null,"<img src=""stim_listB/talk6.gif""style=""height:400px;""></stim_listB>",,html-keyboard-response,227,1002601,0.0-17.0-1.0,83431,List2B,white,man,,,,null,,,,
null,are talking to each other,,html-keyboard-response,228,1004596,0.0-17.0-2.0,83431,List2B,white,man,,,,null,,,,
8279,,,survey-text,229,1012877,0.0-17.0-3.0,83431,List2B,white,man,,,,,"{""Q0"":""Dave and Fred are talking to each other""}","<img src=""stim_listB/talk6.gif""style=""height:400px;""></stim_listB>",are talking to each other,
null,"<div style=""font-size:60px;"">+</div>",,html-keyboard-response,230,1013386,0.0-17.0-0.1,83431,List2B,white,man,,,,null,,,,
null,"<img src=""stim_listB/kiss8.gif""style=""height:400px;""></stim_listB>",,html-keyboard-response,231,1015405,0.0-17.0-1.1,83431,List2B,white,man,,,,null,,,,
null,are kissing each other,,html-keyboard-response,232,1017402,0.0-17.0-2.1,83431,List2B,white,man,,,,null,,,,
6514,,,survey-text,233,1023920,0.0-17.0-3.1,83431,List2B,white,man,,,,,"{""Q0"":""Jane and Beth are kissing each other""}","<img src=""stim_listB/kiss8.gif""style=""height:400px;""></stim_listB>",are kissing each other,
null,"<div style=""font-size:60px;"">+</div>",,html-keyboard-response,234,1024426,0.0-17.0-0.2,83431,List2B,white,man,,,,null,,,,
null,"<img src=""stim_listB/shout3.gif""style=""height:400px;""></stim_listB>",,html-keyboard-response,235,1026445,0.0-17.0-1.2,83431,List2B,white,man,,,,null,,,,
null,is shouting at,,html-keyboard-response,236,1028440,0.0-17.0-2.2,83431,List2B,white,man,,,,null,,,,
7828,,,survey-text,237,1036272,0.0-17.0-3.2,83431,List2B,white,man,,,,,"{""Q0"":""Beth is shouting at Fred""}","<img src=""stim_listB/shout3.gif""style=""height:400px;""></stim_listB>",is shouting at,
null,"<div style=""font-size:60px;"">+</div>",,html-keyboard-response,238,1036786,0.0-17.0-0.3,83431,List2B,white,man,,,,null,,,,
null,"<img src=""stim_listB/flirt1.gif""style=""height:400px;""></stim_listB>",,html-keyboard-response,239,1038805,0.0-17.0-1.3,83431,List2B,white,man,,,,null,,,,
null,is flirting with,,html-keyboard-response,240,1040796,0.0-17.0-2.3,83431,List2B,white,man,,,,null,,,,
7075,,,survey-text,241,1047878,0.0-17.0-3.3,83431,List2B,white,man,,,,,"{""Q0"":""Jane is flirting with Luke""}","<img src=""stim_listB/flirt1.gif""style=""height:400px;""></stim_listB>",is flirting with,
null,"<div style=""font-size:60px;"">+</div>",,html-keyboard-response,242,1048406,0.0-17.0-0.4,83431,List2B,white,man,,,,null,,,,
null,"<img src=""stim_listB/fight1.gif""style=""height:400px;""></stim_listB>",,html-keyboard-response,243,1050435,0.0-17.0-1.4,83431,List2B,white,man,,,,null,,,,
null,is fighting,,html-keyboard-response,244,1052405,0.0-17.0-2.4,83431,List2B,white,man,,,,null,,,,
7305,,,survey-text,245,1059714,0.0-17.0-3.4,83431,List2B,white,man,,,,,"{""Q0"":""Jane is fighting Dave""}","<img src=""stim_listB/fight1.gif""style=""height:400px;""></stim_listB>",is fighting,
null,"<div style=""font-size:60px;"">+</div>",,html-keyboard-response,246,1060225,0.0-17.0-0.5,83431,List2B,white,man,,,,null,,,,
null,"<img src=""stim_listB/dance8.gif""style=""height:400px;""></stim_listB>",,html-keyboard-response,247,1062246,0.0-17.0-1.5,83431,List2B,white,man,,,,null,,,,
null,are dancing with each other,,html-keyboard-response,248,1064245,0.0-17.0-2.5,83431,List2B,white,man,,,,null,,,,
12787,,,survey-text,249,1077037,0.0-17.0-3.5,83431,List2B,white,man,,,,,"{""Q0"":""Jane and Beth are dancing with each other""}","<img src=""stim_listB/dance8.gif""style=""height:400px;""></stim_listB>",are dancing with each other,
null,"<div style=""font-size:60px;"">+</div>",,html-keyboard-response,250,1077564,0.0-17.0-0.6,83431,List2B,white,man,,,,null,,,,
null,"<img src=""stim_listB/play6.gif""style=""height:400px;""></stim_listB>",,html-keyboard-response,251,1079585,0.0-17.0-1.6,83431,List2B,white,man,,,,null,,,,
null,are playing with each other,,html-keyboard-response,252,1081594,0.0-17.0-2.6,83431,List2B,white,man,,,,null,,,,
9476,,,survey-text,253,1091075,0.0-17.0-3.6,83431,List2B,white,man,,,,,"{""Q0"":""Luke and Fred are playing with each other""}","<img src=""stim_listB/play6.gif""style=""height:400px;""></stim_listB>",are playing with each other,
null,"<div style=""font-size:60px;"">+</div>",,html-keyboard-response,254,1091604,0.0-17.0-0.7,83431,List2B,white,man,,,,null,,,,
null,"<img src=""stim_listB/talk4.gif""style=""height:400px;""></stim_listB>",,html-keyboard-response,255,1093635,0.0-17.0-1.7,83431,List2B,white,man,,,,null,,,,
null,are talking to each other,,html-keyboard-response,256,1095615,0.0-17.0-2.7,83431,List2B,white,man,,,,null,,,,
10321,,,survey-text,257,1105938,0.0-17.0-3.7,83431,List2B,white,man,,,,,"{""Q0"":""Mike and Beth are talking to each other""}","<img src=""stim_listB/talk4.gif""style=""height:400px;""></stim_listB>",are talking to each other,
null,"<div style=""font-size:60px;"">+</div>",,html-keyboard-response,258,1106465,0.0-17.0-0.8,83431,List2B,white,man,,,,null,,,,
null,"<img src=""stim_listB/fight6.gif""style=""height:400px;""></stim_listB>",,html-keyboard-response,259,1108485,0.0-17.0-1.8,83431,List2B,white,man,,,,null,,,,
null,are fighting each other,,html-keyboard-response,260,1110465,0.0-17.0-2.8,83431,List2B,white,man,,,,null,,,,
10415,,,survey-text,261,1120883,0.0-17.0-3.8,83431,List2B,white,man,,,,,"{""Q0"":""Luke and Fred are fighting each other""}","<img src=""stim_listB/fight6.gif""style=""height:400px;""></stim_listB>",are fighting each other,
null,"<div style=""font-size:60px;"">+</div>",,html-keyboard-response,262,1121415,0.0-17.0-0.9,83431,List2B,white,man,,,,null,,,,
null,"<img src=""stim_listB/kiss5.gif""style=""height:400px;""></stim_listB>",,html-keyboard-response,263,1123435,0.0-17.0-1.9,83431,List2B,white,man,,,,null,,,,
null,is kissing,,html-keyboard-response,264,1125425,0.0-17.0-2.9,83431,List2B,white,man,,,,null,,,,
4984,,,survey-text,265,1130415,0.0-17.0-3.9,83431,List2B,white,man,,,,,"{""Q0"":""Luke is kissing Fred""}","<img src=""stim_listB/kiss5.gif""style=""height:400px;""></stim_listB>",is kissing,
null,"<div style=""font-size:60px;"">+</div>",,html-keyboard-response,266,1130944,0.0-17.0-0.10,83431,List2B,white,man,,,,null,,,,
null,"<img src=""stim_listB/fight8.gif""style=""height:400px;""></stim_listB>",,html-keyboard-response,267,1132954,0.0-17.0-1.10,83431,List2B,white,man,,,,null,,,,
null,are fighting each other,,html-keyboard-response,268,1134964,0.0-17.0-2.10,83431,List2B,white,man,,,,null,,,,
8647,,,survey-text,269,1143615,0.0-17.0-3.10,83431,List2B,white,man,,,,,"{""Q0"":""Ruth and Beth are fighting each other""}","<img src=""stim_listB/fight8.gif""style=""height:400px;""></stim_listB>",are fighting each other,
null,"<div style=""font-size:60px;"">+</div>",,html-keyboard-response,270,1144143,0.0-17.0-0.11,83431,List2B,white,man,,,,null,,,,
null,"<img src=""stim_listB/marry8.gif""style=""height:400px;""></stim_listB>",,html-keyboard-response,271,1146174,0.0-17.0-1.11,83431,List2B,white,man,,,,null,,,,
null,are marrying each other,,html-keyboard-response,272,1148164,0.0-17.0-2.11,83431,List2B,white,man,,,,null,,,,
8420,,,survey-text,273,1156589,0.0-17.0-3.11,83431,List2B,white,man,,,,,"{""Q0"":""Ruth and Kate are marrying each other""}","<img src=""stim_listB/marry8.gif""style=""height:400px;""></stim_listB>",are marrying each other,
null,"<div style=""font-size:60px;"">+</div>",,html-keyboard-response,274,1157103,0.0-17.0-0.12,83431,List2B,white,man,,,,null,,,,
null,"<img src=""stim_listB/fight2.gif""style=""height:400px;""></stim_listB>",,html-keyboard-response,275,1159124,0.0-17.0-1.12,83431,List2B,white,man,,,,null,,,,
null,are fighting each other,,html-keyboard-response,276,1161117,0.0-17.0-2.12,83431,List2B,white,man,,,,null,,,,
6880,,,survey-text,277,1168001,0.0-17.0-3.12,83431,List2B,white,man,,,,,"{""Q0"":""Ruth and Luke are fighting each other""}","<img src=""stim_listB/fight2.gif""style=""height:400px;""></stim_listB>",are fighting each other,
null,"<div style=""font-size:60px;"">+</div>",,html-keyboard-response,278,1168534,0.0-17.0-0.13,83431,List2B,white,man,,,,null,,,,
null,"<img src=""stim_listB/fight5.gif""style=""height:400px;""></stim_listB>",,html-keyboard-response,279,1170555,0.0-17.0-1.13,83431,List2B,white,man,,,,null,,,,
null,is fighting,,html-keyboard-response,280,1172555,0.0-17.0-2.13,83431,List2B,white,man,,,,null,,,,
5810,,,survey-text,281,1178369,0.0-17.0-3.13,83431,List2B,white,man,,,,,"{""Q0"":""Mike is fighting Dave""}","<img src=""stim_listB/fight5.gif""style=""height:400px;""></stim_listB>",is fighting,
null,"<div style=""font-size:60px;"">+</div>",,html-keyboard-response,282,1178894,0.0-17.0-0.14,83431,List2B,white,man,,,,null,,,,
null,"<img src=""stim_listB/flirt8.gif""style=""height:400px;""></stim_listB>",,html-keyboard-response,283,1180903,0.0-17.0-1.14,83431,List2B,white,man,,,,null,,,,
null,are flirting with each other,,html-keyboard-response,284,1182919,0.0-17.0-2.14,83431,List2B,white,man,,,,null,,,,
10925,,,survey-text,285,1193846,0.0-17.0-3.14,83431,List2B,white,man,,,,,"{""Q0"":""Jane and Beth are flirting with each other""}","<img src=""stim_listB/flirt8.gif""style=""height:400px;""></stim_listB>",are flirting with each other,
null,"<div style=""font-size:60px;"">+</div>",,html-keyboard-response,286,1194374,0.0-17.0-0.15,83431,List2B,white,man,,,,null,,,,
null,"<img src=""stim_listB/dance3.gif""style=""height:400px;""></stim_listB>",,html-keyboard-response,287,1196395,0.0-17.0-1.15,83431,List2B,white,man,,,,null,,,,
null,is dancing with,,html-keyboard-response,288,1198393,0.0-17.0-2.15,83431,List2B,white,man,,,,null,,,,
6147,,,survey-text,289,1204544,0.0-17.0-3.15,83431,List2B,white,man,,,,,"{""Q0"":""Fred is dancing with Kate""}","<img src=""stim_listB/dance3.gif""style=""height:400px;""></stim_listB>",is dancing with,
null,"<div style=""font-size:60px;"">+</div>",,html-keyboard-response,290,1205062,0.0-17.0-0.16,83431,List2B,white,man,,,,null,,,,
null,"<img src=""stim_listB/flirt2.gif""style=""height:400px;""></stim_listB>",,html-keyboard-response,291,1207083,0.0-17.0-1.16,83431,List2B,white,man,,,,null,,,,
null,are flirting with each other,,html-keyboard-response,292,1209073,0.0-17.0-2.16,83431,List2B,white,man,,,,null,,,,
8654,,,survey-text,293,1217731,0.0-17.0-3.16,83431,List2B,white,man,,,,,"{""Q0"":""Ruth and Dave are flirting with each other""}","<img src=""stim_listB/flirt2.gif""style=""height:400px;""></stim_listB>",are flirting with each other,
null,"<div style=""font-size:60px;"">+</div>",,html-keyboard-response,294,1218253,0.0-17.0-0.17,83431,List2B,white,man,,,,null,,,,
null,"<img src=""stim_listB/talk7.gif""style=""height:400px;""></stim_listB>",,html-keyboard-response,295,1220284,0.0-17.0-1.17,83431,List2B,white,man,,,,null,,,,
null,is talking to,,html-keyboard-response,296,1222273,0.0-17.0-2.17,83431,List2B,white,man,,,,null,,,,
5875,,,survey-text,297,1228152,0.0-17.0-3.17,83431,List2B,white,man,,,,,"{""Q0"":""Kate is talking to Ruth""}","<img src=""stim_listB/talk7.gif""style=""height:400px;""></stim_listB>",is talking to,
null,"<div style=""font-size:60px;"">+</div>",,html-keyboard-response,298,1228692,0.0-17.0-0.18,83431,List2B,white,man,,,,null,,,,
null,"<img src=""stim_listB/talk5.gif""style=""height:400px;""></stim_listB>",,html-keyboard-response,299,1230703,0.0-17.0-1.18,83431,List2B,white,man,,,,null,,,,
null,is talking to,,html-keyboard-response,300,1232693,0.0-17.0-2.18,83431,List2B,white,man,,,,null,,,,
5395,,,survey-text,301,1238092,0.0-17.0-3.18,83431,List2B,white,man,,,,,"{""Q0"":""Mike is talking to Luke""}","<img src=""stim_listB/talk5.gif""style=""height:400px;""></stim_listB>",is talking to,
null,"<div style=""font-size:60px;"">+</div>",,html-keyboard-response,302,1238613,0.0-17.0-0.19,83431,List2B,white,man,,,,null,,,,
null,"<img src=""stim_listB/touch4.gif""style=""height:400px;""></stim_listB>",,html-keyboard-response,303,1240633,0.0-17.0-1.19,83431,List2B,white,man,,,,null,,,,
null,are touching each other,,html-keyboard-response,304,1242623,0.0-17.0-2.19,83431,List2B,white,man,,,,null,,,,
6906,,,survey-text,305,1249533,0.0-17.0-3.19,83431,List2B,white,man,,,,,"{""Q0"":""Fred and Beth are touching each other""}","<img src=""stim_listB/touch4.gif""style=""height:400px;""></stim_listB>",are touching each other,
4622,"<img src='img/portrait_matrix_list2.jpg' style='width:900px;height:500px;''></img><p>If you have memorised all the portraits and names and are ready to start, press Continue.</p><p><strong>Please note: Your memory of these faces will be tested 4 times during this experiment.</strong></p>",0,html-button-response,306,1254158,0.0-18.0-0.0,83431,List2B,white,man,,,,,,,,
1611,"<img src=""portrait/WW1.jpg""style=""height:400px;""></img>",1,html-button-response,307,1256775,0.0-18.0-1.0,83431,List2B,white,man,,TRUE,1,,,,,
null,CORRECT,,html-keyboard-response,308,1258304,0.0-18.0-2.0-0.0,83431,List2B,white,man,,,,null,,,,
3727,"<img src=""portrait/BW2.jpg""style=""height:400px;""></img>",2,html-button-response,309,1262036,0.0-18.0-4.0,83431,List2B,white,man,,TRUE,2,,,,,
null,CORRECT,,html-keyboard-response,310,1263581,0.0-18.0-5.0-0.0,83431,List2B,white,man,,,,null,,,,
2014,"<img src=""portrait/BM2.jpg""style=""height:400px;""></img>",5,html-button-response,311,1265599,0.0-18.0-7.0,83431,List2B,white,man,,TRUE,5,,,,,
null,CORRECT,,html-keyboard-response,312,1267128,0.0-18.0-8.0-0.0,83431,List2B,white,man,,,,null,,,,
2247,"<img src=""portrait/WM1.jpg""style=""height:400px;""></img>",6,html-button-response,313,1269380,0.0-18.0-10.0,83431,List2B,white,man,,TRUE,6,,,,,
null,CORRECT,,html-keyboard-response,314,1270913,0.0-18.0-11.0-0.0,83431,List2B,white,man,,,,null,,,,
3089,"<img src=""portrait/BM1.jpg""style=""height:400px;""></img>",4,html-button-response,315,1274007,0.0-18.0-13.0,83431,List2B,white,man,,TRUE,4,,,,,
null,CORRECT,,html-keyboard-response,316,1275543,0.0-18.0-14.0-0.0,83431,List2B,white,man,,,,null,,,,
1717,"<img src=""portrait/WM2.jpg""style=""height:400px;""></img>",7,html-button-response,317,1277266,0.0-18.0-16.0,83431,List2B,white,man,,TRUE,7,,,,,
null,CORRECT,,html-keyboard-response,318,1278803,0.0-18.0-17.0-0.0,83431,List2B,white,man,,,,null,,,,
2983,"<img src=""portrait/BW1.jpg""style=""height:400px;""></img>",0,html-button-response,319,1281790,0.0-18.0-19.0,83431,List2B,white,man,,TRUE,0,,,,,
null,CORRECT,,html-keyboard-response,320,1283332,0.0-18.0-20.0-0.0,83431,List2B,white,man,,,,null,,,,
1752,"<img src=""portrait/WW2.jpg""style=""height:400px;""></img>",3,html-button-response,321,1285089,0.0-18.0-22.0,83431,List2B,white,man,,TRUE,3,,,,,
null,CORRECT,,html-keyboard-response,322,1286642,0.0-18.0-23.0-0.0,83431,List2B,white,man,,,,null,,,,
1559,<p>You got 8 out of 8 right first time. Press Continue.</p>,0,html-button-response,323,1288206,0.0-18.0-25.0,83431,List2B,white,man,,,,,,,,
null,"<div style=""font-size:60px;"">+</div>",,html-keyboard-response,324,1289754,0.0-19.0-0.0,83431,List2B,white,man,,,,null,,,,
null,"<img src=""stim_listB/argue5.gif""style=""height:400px;""></stim_listB>",,html-keyboard-response,325,1291762,0.0-19.0-1.0,83431,List2B,white,man,,,,null,,,,
null,is arguing with,,html-keyboard-response,326,1293782,0.0-19.0-2.0,83431,List2B,white,man,,,,null,,,,
8837,,,survey-text,327,1302625,0.0-19.0-3.0,83431,List2B,white,man,,,,,"{""Q0"":""Fred is arguing with Dave""}","<img src=""stim_listB/argue5.gif""style=""height:400px;""></stim_listB>",is arguing with,
null,"<div style=""font-size:60px;"">+</div>",,html-keyboard-response,328,1303132,0.0-19.0-0.1,83431,List2B,white,man,,,,null,,,,
null,"<img src=""stim_listB/marry3.gif""style=""height:400px;""></stim_listB>",,html-keyboard-response,329,1305172,0.0-19.0-1.1,83431,List2B,white,man,,,,null,,,,
null,is marrying,,html-keyboard-response,330,1307142,0.0-19.0-2.1,83431,List2B,white,man,,,,null,,,,
6363,,,survey-text,331,1313508,0.0-19.0-3.1,83431,List2B,white,man,,,,,"{""Q0"":""Beth is marrying Mike""}","<img src=""stim_listB/marry3.gif""style=""height:400px;""></stim_listB>",is marrying,
null,"<div style=""font-size:60px;"">+</div>",,html-keyboard-response,332,1314012,0.0-19.0-0.2,83431,List2B,white,man,,,,null,,,,
null,"<img src=""stim_listB/talk2.gif""style=""height:400px;""></stim_listB>",,html-keyboard-response,333,1316032,0.0-19.0-1.2,83431,List2B,white,man,,,,null,,,,
null,are talking to each other,,html-keyboard-response,334,1318024,0.0-19.0-2.2,83431,List2B,white,man,,,,null,,,,
7292,,,survey-text,335,1325320,0.0-19.0-3.2,83431,List2B,white,man,,,,,"{""Q0"":""Dave and Ruth are talking to each other""}","<img src=""stim_listB/talk2.gif""style=""height:400px;""></stim_listB>",are talking to each other,
null,"<div style=""font-size:60px;"">+</div>",,html-keyboard-response,336,1325842,0.0-19.0-0.3,83431,List2B,white,man,,,,null,,,,
null,"<img src=""stim_listB/shout5.gif""style=""height:400px;""></stim_listB>",,html-keyboard-response,337,1327863,0.0-19.0-1.3,83431,List2B,white,man,,,,null,,,,
null,is shouting at,,html-keyboard-response,338,1329852,0.0-19.0-2.3,83431,List2B,white,man,,,,null,,,,
5800,,,survey-text,339,1335657,0.0-19.0-3.3,83431,List2B,white,man,,,,,"{""Q0"":""Luke is shouting at Fred""}","<img src=""stim_listB/shout5.gif""style=""height:400px;""></stim_listB>",is shouting at,
null,"<div style=""font-size:60px;"">+</div>",,html-keyboard-response,340,1336182,0.0-19.0-0.4,83431,List2B,white,man,,,,null,,,,
null,"<img src=""stim_listB/marry1.gif""style=""height:400px;""></stim_listB>",,html-keyboard-response,341,1338202,0.0-19.0-1.4,83431,List2B,white,man,,,,null,,,,
null,is marrying,,html-keyboard-response,342,1340193,0.0-19.0-2.4,83431,List2B,white,man,,,,null,,,,
8242,,,survey-text,343,1348439,0.0-19.0-3.4,83431,List2B,white,man,,,,,"{""Q0"":""Ruth is marrying Dave""}","<img src=""stim_listB/marry1.gif""style=""height:400px;""></stim_listB>",is marrying,
null,"<div style=""font-size:60px;"">+</div>",,html-keyboard-response,344,1348976,0.0-19.0-0.5,83431,List2B,white,man,,,,null,,,,
null,"<img src=""stim_listB/marry6.gif""style=""height:400px;""></stim_listB>",,html-keyboard-response,345,1350993,0.0-19.0-1.5,83431,List2B,white,man,,,,null,,,,
null,are marrying each other,,html-keyboard-response,346,1352982,0.0-19.0-2.5,83431,List2B,white,man,,,,null,,,,
7825,,,survey-text,347,1360811,0.0-19.0-3.5,83431,List2B,white,man,,,,,"{""Q0"":""Luke and Mike are marrying each other""}","<img src=""stim_listB/marry6.gif""style=""height:400px;""></stim_listB>",are marrying each other,
null,"<div style=""font-size:60px;"">+</div>",,html-keyboard-response,348,1361323,0.0-19.0-0.6,83431,List2B,white,man,,,,null,,,,
null,"<img src=""stim_listB/dance4.gif""style=""height:400px;""></stim_listB>",,html-keyboard-response,349,1363342,0.0-19.0-1.6,83431,List2B,white,man,,,,null,,,,
null,are dancing with each other,,html-keyboard-response,350,1365336,0.0-19.0-2.6,83431,List2B,white,man,,,,null,,,,
8329,,,survey-text,351,1373670,0.0-19.0-3.6,83431,List2B,white,man,,,,,"{""Q0"":""Mike and Beth are dancing with each other""}","<img src=""stim_listB/dance4.gif""style=""height:400px;""></stim_listB>",are dancing with each other,
null,"<div style=""font-size:60px;"">+</div>",,html-keyboard-response,352,1374201,0.0-19.0-0.7,83431,List2B,white,man,,,,null,,,,
null,"<img src=""stim_listB/marry4.gif""style=""height:400px;""></stim_listB>",,html-keyboard-response,353,1376216,0.0-19.0-1.7,83431,List2B,white,man,,,,null,,,,
null,are marrying each other,,html-keyboard-response,354,1378213,0.0-19.0-2.7,83431,List2B,white,man,,,,null,,,,
7319,,,survey-text,355,1385537,0.0-19.0-3.7,83431,List2B,white,man,,,,,"{""Q0"":""Fred and Kate are marrying each other""}","<img src=""stim_listB/marry4.gif""style=""height:400px;""></stim_listB>",are marrying each other,
null,"<div style=""font-size:60px;"">+</div>",,html-keyboard-response,356,1386041,0.0-19.0-0.8,83431,List2B,white,man,,,,null,,,,
null,"<img src=""stim_listB/play1.gif""style=""height:400px;""></stim_listB>",,html-keyboard-response,357,1388062,0.0-19.0-1.8,83431,List2B,white,man,,,,null,,,,
null,is playing with,,html-keyboard-response,358,1390051,0.0-19.0-2.8,83431,List2B,white,man,,,,null,,,,
5927,,,survey-text,359,1395981,0.0-19.0-3.8,83431,List2B,white,man,,,,,"{""Q0"":""Jane is playing with Dave""}","<img src=""stim_listB/play1.gif""style=""height:400px;""></stim_listB>",is playing with,
null,"<div style=""font-size:60px;"">+</div>",,html-keyboard-response,360,1396491,0.0-19.0-0.9,83431,List2B,white,man,,,,null,,,,
null,"<img src=""stim_listB/talk8.gif""style=""height:400px;""></stim_listB>",,html-keyboard-response,361,1398521,0.0-19.0-1.9,83431,List2B,white,man,,,,null,,,,
null,are talking to each other,,html-keyboard-response,362,1400501,0.0-19.0-2.9,83431,List2B,white,man,,,,null,,,,
8044,,,survey-text,363,1408548,0.0-19.0-3.9,83431,List2B,white,man,,,,,"{""Q0"":""Jane and Beth are talking to each other""}","<img src=""stim_listB/talk8.gif""style=""height:400px;""></stim_listB>",are talking to each other,
null,"<div style=""font-size:60px;"">+</div>",,html-keyboard-response,364,1409080,0.0-19.0-0.10,83431,List2B,white,man,,,,null,,,,
null,"<img src=""stim_listB/touch6.gif""style=""height:400px;""></stim_listB>",,html-keyboard-response,365,1411111,0.0-19.0-1.10,83431,List2B,white,man,,,,null,,,,
null,are touching each other,,html-keyboard-response,366,1413131,0.0-19.0-2.10,83431,List2B,white,man,,,,null,,,,
6621,,,survey-text,367,1419755,0.0-19.0-3.10,83431,List2B,white,man,,,,,"{""Q0"":""Luke and Fred are touching each other""}","<img src=""stim_listB/touch6.gif""style=""height:400px;""></stim_listB>",are touching each other,
null,"<div style=""font-size:60px;"">+</div>",,html-keyboard-response,368,1420280,0.0-19.0-0.11,83431,List2B,white,man,,,,null,,,,
null,"<img src=""stim_listB/kiss3.gif""style=""height:400px;""></stim_listB>",,html-keyboard-response,369,1422312,0.0-19.0-1.11,83431,List2B,white,man,,,,null,,,,
null,is kissing,,html-keyboard-response,370,1424291,0.0-19.0-2.11,83431,List2B,white,man,,,,null,,,,
5843,,,survey-text,371,1430136,0.0-19.0-3.11,83431,List2B,white,man,,,,,"{""Q0"":""Fred is kissing Beth""}","<img src=""stim_listB/kiss3.gif""style=""height:400px;""></stim_listB>",is kissing,
null,"<div style=""font-size:60px;"">+</div>",,html-keyboard-response,372,1430661,0.0-19.0-0.12,83431,List2B,white,man,,,,null,,,,
null,"<img src=""stim_listB/touch1.gif""style=""height:400px;""></stim_listB>",,html-keyboard-response,373,1432692,0.0-19.0-1.12,83431,List2B,white,man,,,,null,,,,
null,is touching,,html-keyboard-response,374,1434671,0.0-19.0-2.12,83431,List2B,white,man,,,,null,,,,
6481,,,survey-text,375,1441156,0.0-19.0-3.12,83431,List2B,white,man,,,,,"{""Q0"":""Jane is touching Dave""}","<img src=""stim_listB/touch1.gif""style=""height:400px;""></stim_listB>",is touching,
null,"<div style=""font-size:60px;"">+</div>",,html-keyboard-response,376,1441680,0.0-19.0-0.13,83431,List2B,white,man,,,,null,,,,
null,"<img src=""stim_listB/flirt3.gif""style=""height:400px;""></stim_listB>",,html-keyboard-response,377,1443701,0.0-19.0-1.13,83431,List2B,white,man,,,,null,,,,
null,is flirting with,,html-keyboard-response,378,1445691,0.0-19.0-2.13,83431,List2B,white,man,,,,null,,,,
6298,,,survey-text,379,1451993,0.0-19.0-3.13,83431,List2B,white,man,,,,,"{""Q0"":""Fred is flirting with Kate""}","<img src=""stim_listB/flirt3.gif""style=""height:400px;""></stim_listB>",is flirting with,
null,"<div style=""font-size:60px;"">+</div>",,html-keyboard-response,380,1452511,0.0-19.0-0.14,83431,List2B,white,man,,,,null,,,,
null,"<img src=""stim_listB/kiss2.gif""style=""height:400px;""></stim_listB>",,html-keyboard-response,381,1454530,0.0-19.0-1.14,83431,List2B,white,man,,,,null,,,,
null,are kissing each other,,html-keyboard-response,382,1456531,0.0-19.0-2.14,83431,List2B,white,man,,,,null,,,,
7923,,,survey-text,383,1464457,0.0-19.0-3.14,83431,List2B,white,man,,,,,"{""Q0"":""Dave and Jane are kissing each other""}","<img src=""stim_listB/kiss2.gif""style=""height:400px;""></stim_listB>",are kissing each other,
null,"<div style=""font-size:60px;"">+</div>",,html-keyboard-response,384,1464971,0.0-19.0-0.15,83431,List2B,white,man,,,,null,,,,
null,"<img src=""stim_listB/play8.gif""style=""height:400px;""></stim_listB>",,html-keyboard-response,385,1466991,0.0-19.0-1.15,83431,List2B,white,man,,,,null,,,,
null,are playing with each other,,html-keyboard-response,386,1468982,0.0-19.0-2.15,83431,List2B,white,man,,,,null,,,,
8241,,,survey-text,387,1477227,0.0-19.0-3.15,83431,List2B,white,man,,,,,"{""Q0"":""Ruth are Beth are playing with each other""}","<img src=""stim_listB/play8.gif""style=""height:400px;""></stim_listB>",are playing with each other,
null,"<div style=""font-size:60px;"">+</div>",,html-keyboard-response,388,1477740,0.0-19.0-0.16,83431,List2B,white,man,,,,null,,,,
null,"<img src=""stim_listB/touch7.gif""style=""height:400px;""></stim_listB>",,html-keyboard-response,389,1479750,0.0-19.0-1.16,83431,List2B,white,man,,,,null,,,,
null,is touching,,html-keyboard-response,390,1481754,0.0-19.0-2.16,83431,List2B,white,man,,,,null,,,,
6143,,,survey-text,391,1487901,0.0-19.0-3.16,83431,List2B,white,man,,,,,"{""Q0"":""Jane is touching Kate""}","<img src=""stim_listB/touch7.gif""style=""height:400px;""></stim_listB>",is touching,
null,"<div style=""font-size:60px;"">+</div>",,html-keyboard-response,392,1488424,0.0-19.0-0.17,83431,List2B,white,man,,,,null,,,,
null,"<img src=""stim_listB/touch5.gif""style=""height:400px;""></stim_listB>",,html-keyboard-response,393,1490450,0.0-19.0-1.17,83431,List2B,white,man,,,,null,,,,
null,is touching,,html-keyboard-response,394,1492440,0.0-19.0-2.17,83431,List2B,white,man,,,,null,,,,
5440,,,survey-text,395,1497889,0.0-19.0-3.17,83431,List2B,white,man,,,,,"{""Q0"":""Mike is touching Dave""}","<img src=""stim_listB/touch5.gif""style=""height:400px;""></stim_listB>",is touching,
null,"<div style=""font-size:60px;"">+</div>",,html-keyboard-response,396,1498420,0.0-19.0-0.18,83431,List2B,white,man,,,,null,,,,
null,"<img src=""stim_listB/dance5.gif""style=""height:400px;""></stim_listB>",,html-keyboard-response,397,1500441,0.0-19.0-1.18,83431,List2B,white,man,,,,null,,,,
null,is dancing with,,html-keyboard-response,398,1502440,0.0-19.0-2.18,83431,List2B,white,man,,,,null,,,,
6249,,,survey-text,399,1508693,0.0-19.0-3.18,83431,List2B,white,man,,,,,"{""Q0"":""Luke is dacning with Mike""}","<img src=""stim_listB/dance5.gif""style=""height:400px;""></stim_listB>",is dancing with,
null,"<div style=""font-size:60px;"">+</div>",,html-keyboard-response,400,1509230,0.0-19.0-0.19,83431,List2B,white,man,,,,null,,,,
null,"<img src=""stim_listB/play4.gif""style=""height:400px;""></stim_listB>",,html-keyboard-response,401,1511263,0.0-19.0-1.19,83431,List2B,white,man,,,,null,,,,
null,are playing with each other,,html-keyboard-response,402,1513261,0.0-19.0-2.19,83431,List2B,white,man,,,,null,,,,
7105,,,survey-text,403,1520372,0.0-19.0-3.19,83431,List2B,white,man,,,,,"{""Q0"":""Fred and Beth are playing with each other""}","<img src=""stim_listB/play4.gif""style=""height:400px;""></stim_listB>",are playing with each other,
2273,<p>Thank you for completing that task.</p><p>The final part of this session is a short questionnaire.</p><p>Press Continue.</p>,0,html-button-response,404,1522649,0.0-20.0,83431,List2B,white,man,,,,,,,,
31328,,,survey-text,405,1555011,0.0-21.0,83431,List2B,white,man,,,,,"{""Q0"":""22"",""Q1"":""English "",""Q2"":""English"",""Q3"":""U.K. Wales"",""Q4"":""White British "",""Q5"":""Male""}",,,demographics
10631,,,survey-likert,406,1565647,0.0-22.0,83431,List2B,white,man,,,,,"{""Q0"":4}",,,likert_ESS
10006,,,survey-likert,407,1575657,0.0-23.0,83431,List2B,white,man,,,,,"{""Q0"":4}",,,likert_NSSAL_Q1
4431,,,survey-likert,408,1580092,0.0-24.0,83431,List2B,white,man,,,,,"{""Q0"":4}",,,likert_NSSAL_Q2
4277,,,survey-likert,409,1584372,0.0-25.0,83431,List2B,white,man,,,,,"{""Q0"":4}",,,likert_CGRS_Q1
3501,,,survey-likert,410,1587876,0.0-26.0,83431,List2B,white,man,,,,,"{""Q0"":4}",,,likert_CGRS_Q2
3162,,,survey-likert,411,1591041,0.0-27.0,83431,List2B,white,man,,,,,"{""Q0"":4}",,,likert_CGRS_Q3
5617,,,survey-text,412,1596662,0.0-28.0,83431,List2B,white,man,,,,,"{""Q0"":""ccc""}",,,worker_id
35133,,,external-html,413,1631869,0.0-29.0,83431,List2B,white,man,debrief.html,,,,,,,
